8 1 2 3 4 5 6 7 9
6 7 9 8 1 2 3 4 5
3 4 5 6 7 9 8 1 2
9 8 1 2 3 4 5 6 7
5 6 7 9 8 1 2 3 4
2 3 4 5 6 7 9 8 1
7 9 8 1 2 3 4 5 6
4 5 6 7 9 8 1 2 3
1 2 3 4 5 6 7 9 8

8 1 2 3 4 5 6 9 7
6 9 7 8 1 2 3 4 5
3 4 5 6 9 7 8 1 2
7 8 1 2 3 4 5 6 9
5 6 9 7 8 1 2 3 4
2 3 4 5 6 9 7 8 1
9 7 8 1 2 3 4 5 6
4 5 6 9 7 8 1 2 3
1 2 3 4 5 6 9 7 8

8 1 2 3 4 5 7 6 9
7 6 9 8 1 2 3 4 5
3 4 5 7 6 9 8 1 2
9 8 1 2 3 4 5 7 6
5 7 6 9 8 1 2 3 4
2 3 4 5 7 6 9 8 1
6 9 8 1 2 3 4 5 7
4 5 7 6 9 8 1 2 3
1 2 3 4 5 7 6 9 8

8 1 2 3 4 5 7 9 6
7 9 6 8 1 2 3 4 5
3 4 5 7 9 6 8 1 2
6 8 1 2 3 4 5 7 9
5 7 9 6 8 1 2 3 4
2 3 4 5 7 9 6 8 1
9 6 8 1 2 3 4 5 7
4 5 7 9 6 8 1 2 3
1 2 3 4 5 7 9 6 8

8 1 2 3 4 5 9 6 7
9 6 7 8 1 2 3 4 5
3 4 5 9 6 7 8 1 2
7 8 1 2 3 4 5 9 6
5 9 6 7 8 1 2 3 4
2 3 4 5 9 6 7 8 1
6 7 8 1 2 3 4 5 9
4 5 9 6 7 8 1 2 3
1 2 3 4 5 9 6 7 8

8 1 2 3 4 5 9 7 6
9 7 6 8 1 2 3 4 5
3 4 5 9 7 6 8 1 2
6 8 1 2 3 4 5 9 7
5 9 7 6 8 1 2 3 4
2 3 4 5 9 7 6 8 1
7 6 8 1 2 3 4 5 9
4 5 9 7 6 8 1 2 3
1 2 3 4 5 9 7 6 8

8 1 2 3 4 6 5 7 9
5 7 9 8 1 2 3 4 6
3 4 6 5 7 9 8 1 2
9 8 1 2 3 4 6 5 7
6 5 7 9 8 1 2 3 4
2 3 4 6 5 7 9 8 1
7 9 8 1 2 3 4 6 5
4 6 5 7 9 8 1 2 3
1 2 3 4 6 5 7 9 8

8 1 2 3 4 6 5 9 7
5 9 7 8 1 2 3 4 6
3 4 6 5 9 7 8 1 2
7 8 1 2 3 4 6 5 9
6 5 9 7 8 1 2 3 4
2 3 4 6 5 9 7 8 1
9 7 8 1 2 3 4 6 5
4 6 5 9 7 8 1 2 3
1 2 3 4 6 5 9 7 8

8 1 2 3 4 6 7 5 9
7 5 9 8 1 2 3 4 6
3 4 6 7 5 9 8 1 2
9 8 1 2 3 4 6 7 5
6 7 5 9 8 1 2 3 4
2 3 4 6 7 5 9 8 1
5 9 8 1 2 3 4 6 7
4 6 7 5 9 8 1 2 3
1 2 3 4 6 7 5 9 8

8 1 2 3 4 6 7 9 5
7 9 5 8 1 2 3 4 6
3 4 6 7 9 5 8 1 2
5 8 1 2 3 4 6 7 9
6 7 9 5 8 1 2 3 4
2 3 4 6 7 9 5 8 1
9 5 8 1 2 3 4 6 7
4 6 7 9 5 8 1 2 3
1 2 3 4 6 7 9 5 8

8 1 2 3 4 6 9 5 7
9 5 7 8 1 2 3 4 6
3 4 6 9 5 7 8 1 2
7 8 1 2 3 4 6 9 5
6 9 5 7 8 1 2 3 4
2 3 4 6 9 5 7 8 1
5 7 8 1 2 3 4 6 9
4 6 9 5 7 8 1 2 3
1 2 3 4 6 9 5 7 8

8 1 2 3 4 6 9 7 5
9 7 5 8 1 2 3 4 6
3 4 6 9 7 5 8 1 2
5 8 1 2 3 4 6 9 7
6 9 7 5 8 1 2 3 4
2 3 4 6 9 7 5 8 1
7 5 8 1 2 3 4 6 9
4 6 9 7 5 8 1 2 3
1 2 3 4 6 9 7 5 8

8 1 2 3 4 7 5 6 9
5 6 9 8 1 2 3 4 7
3 4 7 5 6 9 8 1 2
9 8 1 2 3 4 7 5 6
7 5 6 9 8 1 2 3 4
2 3 4 7 5 6 9 8 1
6 9 8 1 2 3 4 7 5
4 7 5 6 9 8 1 2 3
1 2 3 4 7 5 6 9 8

8 1 2 3 4 7 5 9 6
5 9 6 8 1 2 3 4 7
3 4 7 5 9 6 8 1 2
6 8 1 2 3 4 7 5 9
7 5 9 6 8 1 2 3 4
2 3 4 7 5 9 6 8 1
9 6 8 1 2 3 4 7 5
4 7 5 9 6 8 1 2 3
1 2 3 4 7 5 9 6 8

8 1 2 3 4 7 6 5 9
6 5 9 8 1 2 3 4 7
3 4 7 6 5 9 8 1 2
9 8 1 2 3 4 7 6 5
7 6 5 9 8 1 2 3 4
2 3 4 7 6 5 9 8 1
5 9 8 1 2 3 4 7 6
4 7 6 5 9 8 1 2 3
1 2 3 4 7 6 5 9 8

8 1 2 3 4 7 6 9 5
6 9 5 8 1 2 3 4 7
3 4 7 6 9 5 8 1 2
5 8 1 2 3 4 7 6 9
7 6 9 5 8 1 2 3 4
2 3 4 7 6 9 5 8 1
9 5 8 1 2 3 4 7 6
4 7 6 9 5 8 1 2 3
1 2 3 4 7 6 9 5 8

8 1 2 3 4 7 9 5 6
9 5 6 8 1 2 3 4 7
3 4 7 9 5 6 8 1 2
6 8 1 2 3 4 7 9 5
7 9 5 6 8 1 2 3 4
2 3 4 7 9 5 6 8 1
5 6 8 1 2 3 4 7 9
4 7 9 5 6 8 1 2 3
1 2 3 4 7 9 5 6 8

8 1 2 3 4 7 9 6 5
9 6 5 8 1 2 3 4 7
3 4 7 9 6 5 8 1 2
5 8 1 2 3 4 7 9 6
7 9 6 5 8 1 2 3 4
2 3 4 7 9 6 5 8 1
6 5 8 1 2 3 4 7 9
4 7 9 6 5 8 1 2 3
1 2 3 4 7 9 6 5 8

8 1 2 3 4 9 5 6 7
5 6 7 8 1 2 3 4 9
3 4 9 5 6 7 8 1 2
7 8 1 2 3 4 9 5 6
9 5 6 7 8 1 2 3 4
2 3 4 9 5 6 7 8 1
6 7 8 1 2 3 4 9 5
4 9 5 6 7 8 1 2 3
1 2 3 4 9 5 6 7 8

8 1 2 3 4 9 5 7 6
5 7 6 8 1 2 3 4 9
3 4 9 5 7 6 8 1 2
6 8 1 2 3 4 9 5 7
9 5 7 6 8 1 2 3 4
2 3 4 9 5 7 6 8 1
7 6 8 1 2 3 4 9 5
4 9 5 7 6 8 1 2 3
1 2 3 4 9 5 7 6 8
